chuck-mlp-v1
3
3 5 2 
0 3 
-0.10771479214023952 2.186399552358084 -1.361529698298717 1.7682501542589215 
1.2501094317037633 0.10351540903893079 0.7996253018842384 0.5575822571389167 
0.1169187380070935 -0.8463598129872353 0.5433821079627602 -0.33732797893792676 
-0.5867218139000914 0.6104467526347712 -1.002952923586569 0.11567699834156389 
-0.49943694677625394 0.039572424047272015 -0.10417122400682838 1.0779796261515664 
-0.6465152171485756 0.7172845779934934 1.2355796248097726 0.1085934483168074 -0.49632235908585914 0.23960836391140378 
0.9164632070037881 0.06887188090322414 0.44240910165372327 0.06557890623866361 -0.9221463190553345 -0.6716875203165746 
